-0.61316812174554274845301401020531732576 0.30059570694558719136279766879212338592 2.68578852592211684660072
-0.41911309558519218270160952126928734572 0.70787145624403926122829798919393904796 2.10536835042896809737108
-1.90780043133734186462953858567790262168 3.92934661222447806752147545541547533112 2.02279793354652063974794
0.042164838734725593266094991324153786044 0.89029542022671002546475701736204926256 1.52347118656566064286042
-0.55878823897639750720322096543177871464 -3.00177925473287627293060057215915582644 4.52834323583569957460106
-2.4910854503564930336512141874438702826 -3.84372379145339652462662212358921658072 4.13735644779688803037778
0.3447393863789844969280370949460042272 -0.2006309384174285522351026353137605008 5.75612225547427165406166
-0.10186677218961255637134350116458385944 -0.15089986217875096206591379680822007776 4.11859667859338886866172
-2.23232658907220029681483186961009974192 -3.1954214082511439795262059475354164724 4.10260213924357944274426
-2.5396613053014239031520544048289529802 -0.5697271258503757583005744110515563965 3.36227112777152592206302
-4.48314828709849434520656806633008131562 -0.5109903791681446264105273994602825503 3.25508312802369577469602
-2.2320480227662701801584023556189477142 -3.38260041773620446614796025580671182 4.1291124060190438391789
-0.7939693703189607895574876972292200796 -0.26666297036486158144525129423907851488 3.46561595439436660385726
0.084023016537866556113716799175327432 -0.3399429386104060889560375967415316785 4.95470046157904173666102
-1.45893529608986549663171107217950064864 2.47356010817336493267555561629266375472 2.10369092844751036329666
-0.6643769485189107453727476796793108505 1.13381817145817550338803395245574254 2.10083151364606600550392
0.319685124988982099903218519674997180144 -4.67258548636742279960392058596497691152 4.78069970821249288719614
-2.57047789902878797925697218737083362444 -5.14908416677049332633567216865250103308 4.24937301262143261778992
0.29895016567118342834446724289694887764 -1.20546330229271907421368931560035220644 4.9554807075304872976505
4.03036624022931999804513927556186743216 -0.9238267532397304365389493189816569784 6.05786110861357756384444
-0.6435861208542159476590317934496967504 0.29113378420276273173666686162460499404 2.71677637904303663140654
0.3233445435041695842084706044662166336 0.30064208245870109853350173222234832754 0.74903127533505202161958
-0.091269678421366411999944351708407266218 -1.87664397859042603578352945513579771176 4.66379275176781121261262
-3.15931756144183301592728224120511730594 -3.87974989686398682641410429139327217678 4.02898337646827074129532
-0.0074475026489588410955828044973678737 -0.0100939723948481606156696602853602481 4.07673080958200213840996
-0.75549057989459337282169008616996142288 2.50645567376554008661356196433610343324 1.86355342936944226339164
2.10502561623096487708093443958423262016 4.90495289919989065626849268688479623264 1.16540464528899196511726
5.89533224566673738818913837050071360468 0.6542871860998410497052976911858010893 0.1105315968090457640569
0.0194553828155331870743126595067110328 -0.03012386745525093145241618976327410668 5.28583852726620014472538
0.44007719775624294617458530544803473358 -0.06301992624915404500079825297517518184 6.1409503281068388398836
1.14598645275832558448272936629821771568 -0.4222177603585784265430807244646065254 5.93018552653462694040724
-2.5624177455279697189770410827324924709 0.186132810595041271394829945265263442896 3.06908048541078476723738
0.02194369098849500454421564868174450886 -0.01094506423774796506538011868608392406 5.82051453761710556424476
-0.75005658697945785328151675662932342264 -2.06820961471694258057758523948989066008 4.36448071612155034612648
-5.50433685309880234574963825213966351532 2.51889570856640001931420427809957682388 2.71241986967845059365758
-0.59416665392612714321653123906727813672 0.32661729676514404897452582731792428664 2.63897477414503233596568
1.63638230502703059462793449764698342016 -3.14795812807388095745487685338646098876 5.19176925295308332676364
-0.2761494972372559122798097370670428064 2.1095259011785814978867784083333031717 1.70096212370664160875658
3.5496072810189189461850269120960712372 4.19167208722729639410313600194956853216 0.86814915902562404892478
1.9944302624542648669637057884366283024 4.2767891790718385850311572978168749388 1.13443890898035345245416
4.49901450563305860472302782488870718504 -0.90040944211235357109758666554192296266 6.08566011952739756516354
-5.794505721179443838247935764584335232 0.236197673464355832487266130409783827968 3.10085285704915899515116
-3.27997551914794337134898983697488359496 -3.76791407038354545635933461541587911796 3.99611238987893616276944
4.80117232464798384884443953897692823168 -0.081680176626504342149796255069754890288 6.26617439977448720425118
0.9193102957211330933327705701819654955 2.4975851132566031028187776454486907098 1.21810655851299368118048
-3.51435229237730518858852400431230969436 -1.37561803960677804785736080357322524176 3.51468813429826374488414
-0.73044167319753955600832534384455571744 0.07875961160569758784883962525550823152 3.03418298306432555683892
3.3390154653624187725361368093543236656 -2.3140887460922266601392544854293866384 5.6771422391719058272665
0.02272117362476875877283953817012198942 -0.08889358245719258718212922094280472114 4.9626309724100576665185
1.97713105651582106961469201890960263268 5.80907908380519270350208804917406902862 1.2427424254476202635196
2.7166572381905202371496873245523545844 1.7112465872852941541895784248640513152 0.56212152925934349733012
-2.35471318622018725681018635854430560816 1.41448471751180990113496195101694516988 2.6006559517351076973985
-0.0210606234446366380708445114145174265 -0.0194175836872427688611796716158065836 3.88642236290993403246138
1.88862063689951401887929323196795973804 1.54769645514833187129639032582748369532 0.68650968595372468957626
-1.01144357286175839840302493234391892912 2.00658432494324245993805864248630823792 2.0376885172378586124052
4.13793718088392157692587127515595727814 0.99171951008805965672721820639924896364 0.23522838356571561756736
-0.88431511261828813021405905500739895356 -5.6206258614915776498672587607194772996 4.55633432372436005586418
5.63054971846106675643317731235708640384 -1.52022215764361115655728307095993499008 6.0194778207224012627249
-0.20368158742763956058348800182707200212 -1.02290124444881155149191097417078030694 4.51583831477364461895214
0.71281634527120628692947964104218163744 2.36462625864939960249309627086907401136 1.27800988174496620794174
0.0718661670811971930184414718069286519 0.1021884582108324045292588150126050954 0.9578785115833657832446
-3.09270288227165433703371646901384239284 3.19576510330376110319257917881578340736 2.33980687476971816918238
-0.51708809306376070502779894818247230994 -1.19110559496746709756333767342500795404 4.30281527357017930447152
2.3237837933118711526608158824715690196 4.65417747919921276036322626203801705 1.10771696169189017576718
1.548764959827348477564930193383185481 4.4955475373219970812555370240053534835 1.2390199523123817177939
1.7718092323510340948064115146078669214 1.15131235151629307170921866176494315064 0.57623092452143983206
-0.69370772357292619774688204192859236636 5.36452426170336381347162891127805919768 1.69939660525550474310882
1.96276345701787517058387554720093445012 -2.69948029236802979051046798125210538804 5.3410653385058919774227
1.52706307444210066437227458333869907328 -0.74538974031230531887784737005915105088 5.829086938659102960608
0.021485131171680536021111016165829232704 -0.601621850996042079446022255444844486 4.74808582956592809732938
-2.2026828608371481236963219479440561638 2.0293751719912436389961179010941646874 2.39712278229219414242884
-4.18745784115020985148716106064867512222 -0.76881406015865702704980512125234796416 3.32316967179973899426368
-2.01303496214347363264045820331701639496 4.68483298450411598936135059478131179306 1.97663436578502307267218
0.24413191673520481651162308376557723694 -0.4805385798916329765301933767291635081 5.18244638825799640064856
-0.91337933143987165897895179349234274896 0.5027823763682022538937072485241086414 2.63839332817670593707724
-1.67162937868933314215675528248665545004 3.93214948290922416899196495128808054928 1.97276731655586632467262
0.60878636828173078929317778257976848746 3.04370600902677541565405241395641615928 1.3733864984249478823625
4.02202875395860993719982632232813625376 -4.19338626691297041101550024410318159352 5.47693212077425341174052
-0.43821587022260259499313196480843233688 -3.1686056082530507842708033724667069279 4.57496145488602465651978
-0.69376342515751576180276167175827701556 -4.53783098276202169706110324092239139782 4.56067933485983395497076
0.85482430838469611953185671596131029262 0.88642697863570517336752135772375749716 0.8035455733609096892645
-0.28449163199651960287614707147740742964 5.9379469804367562145922437425490468722 1.61867049175627370936426
-1.76272928974781292861804429974648582452 5.02610140718052173677214278600617420976 1.90810799903747728208452
4.57758960760861299003497608894814832792 -0.52492035268959637668711966506020345896 6.16901222749391123508094
-0.32793545193245975692215677993857402822 -3.2838951502779828638308735184641865412 4.61285723042921689356158
-2.9030077202474496318550001399355794658 1.9243126608371878643944354651519967634 2.5562240926761218960202
1.6568775082186000132045455715932122752 -0.4892256698840344026442286301896034468 5.9960738979309533818128
2.84970656428048499584885943188675537096 1.61957059039294093926892319368027381736 0.51680631717802131795608
4.7788783660835712658908581307281697432 0.76004630064139224658628023401814153408 0.15772183704973647548506
0.0859908356178180068929922812749291264 0.6051098660484288795044814836711774928 1.42963369895852567982622
-0.8250131243562910670970542675563213824 0.34854768510273626245671353140699936 2.7418623733730695592867
-2.61202017301398572649005219813972532728 1.77145730652936001455858644789912274048 2.54565175375084923743316
2.92829578675096804863377912859036214656 1.24039686450220136908200512649336964848 0.40067577394174782481458
4.35692478823237883021812065449998947448 -2.77579430180289790761965216419994537828 5.71593255180728122196712
-0.56819718450600789102170567813096984612 1.3936059823903460765132244794241550742 1.95793774259386106579542
0.3594527871486661141758305413397649852 2.85333603544533288397179645847099799584 1.44548014363064488290166
-1.6292983315790460618321133897074128904 1.117877294139854855607047072459852613 2.5402500365104138755531
0.3112809524501641339770094222567999266 0.7912687691037827177791684138787429148 1.1959970975585309385761
-5.03377451623251741496122287381081853586 -2.28999482744971127265312737256361580806 3.56853547220376429947516
-0.7364169737268261561509652933855547553 1.0887554756221019934719398056406648276 2.16549629753567229433184
2.63752638009455692977833742485123767236 -3.21078772974157882144662680003080406214 5.4000776432294533670933
0.49221726918301137123309655033352460288 -0.87266325793972507980650036308566014976 5.22594777040484197713612
0.00680935146581965001105062634512170882 -0.1027028266935117499154171338810181355 4.77859358449752628996894
1.8016803324459586006002932252391216022 1.2248306424073702644613822974023823253 0.59705823868211950834522
-3.82519018153682278411666681837553950962 3.31997352484558739095915691675873679588 2.4267845063221806038135
0.096772063278548564693575685385886433868 1.0888704844080442340827770338414376942 1.48215541042791748536296
-1.6468500512576858673552992856435252592 1.3109312606901441904599849274865020064 2.4692811443065550927038
-1.14529921915413279133719188506212154848 -4.70574771914449602922295515751903760048 4.47364766791372977590004
-4.23903113753711361073507791970870994688 -4.32441122955888647283910470206796483456 3.93696078693711460167722
-3.07752086647637044031405794640721614604 -1.94549322831733306295060818260539115702 3.70532594554413420473084
-0.22766994323144200943593102381888624392 -0.25843860795685725754715067123140916 3.99020236294714997238198
-3.52332109907012289199072504770439974156 -1.98680176982261556313336910784802096124 3.65504519494640107033686
-0.42354536415286400350149008136915977112 -0.14606458024042779520701716210250148728 3.47368262185098911534336
-2.20434204100025419870918728341636088176 1.06383851133320786355127847919918846096 2.69195321035440302560876
-0.274874780081424243941748320482719197376 5.04283442039557406228484631946863592032 1.62525043190551138721104
-2.46695657795829458889118979114815158068 -4.81868589124190528260327330815495076328 4.23922214976656556583176
5.10542279645603353223612583796203102584 1.88651864294725594287407855462242329252 0.35395124339602526430074
0.06061011806406926598434659449202318514 -0.09287678468979101484623446696221680428 5.29058019589011629109614
-5.72818638524392187271165612015383131168 0.92325909200722861196176012754073364 2.98178875742481642510212
-3.951122794365602253632279439758071292 -4.2762223324466834067819713726202048136 3.96648478354516768653676
-3.0687099572292862807334255598257323635 -3.9479179625950792778909697508424039571 4.05164462675640999514222
2.67534237265305966853763994791500526208 2.68110420442450091435802808130969457216 0.7864738447220373951232
2.7022506322527856907044625550470745608 -4.64240198590054429604692220641321716316 5.23952799580036764713308
-0.47861464295693082057777056679064777426 0.95704299969900982097307518659605442392 2.0345217918430401010612
4.60924014098932420917232948664612558118 0.132201329589235298450323464844242329264 0.0286739444678447586696
-5.1161031198826873232862852614040434772 2.3061643265936352721974344943312174414 2.71810206831099845225668
0.17104610221609710664238289135521904174 0.002316914173445719864495006917047010924 0.01354472539854010533606
-2.77128128032356015399019812530583980904 -0.4799693585279776130248732843689389658 3.31308547354098111771298
1.82738386431213131128365705218862111142 0.92148992160943526791318937507083259316 0.46705561609280185343706
1.687821852141434911772761661704061752 0.110690798753303081949025727521404857 0.06548825815596524536908
1.5427515615382192841589633450716756928 2.03407615515309901182036288110769182968 0.92190708720420343800702
2.76192514611210292934671888249182059448 -2.04535444098865825001100278351432670264 5.64575716307586614903376
2.75001613397900877496418806975010449108 4.9218910483229531486666631328138746074 1.06127410634348847609372
0.15267955871659107151867868413844714904 0.92085234391667588912139923750457961968 1.40648864340173359785732
-4.36438301084456183805787163035554232422 0.324359860019248269810691950622100980662 3.0674092837827811409531
1.5822524963289726860719760287003705718 2.44551803717101284875141831188201890756 0.99653229060201616554144
-0.0650743305206127136618823130714230192 0.05057855966324643912176283549353819296 2.48088285748070298286522
0.4644824030916541480326569042472339087 0.1771977401124370953719909278219310888 0.36445277082288600895356
0.23062369211896440945263003484654935688 0.1219211012881640790909954296698164837 0.48631043746665369473406
3.38526312829057674953882742556847756142 2.88169208558578108221138520358064289586 0.70521705339176197354508
2.1687100743166725604555204808739411366 -1.8742696980573529818773064184932746424 5.57048636238774071903784
3.0323173681561661062369905633451435296 1.1855256320659744549068052169666532924 0.3726921630436028872588
1.06905190715196152043517609571325 -1.824079241882515997423822357819030337 5.24250848758268135554804
-0.71390542606402142842972193731604873124 -0.09304684322237267546781896626792439316 3.27119704789434161274748
1.0524532475095666780712416948358863424 -0.2381973200351711308956277451923974384 6.06060931103508484296498
-1.84119706701277483820947879392958077936 -4.61081856345512878686980857707894761136 4.3324680126451764990482
4.60205621047915658685656386370592529496 2.08399944116404455456038299545642326044 0.4252139373448477645914
-2.89522635674357200823933002109024925024 3.98218890244446005946292764285262715952 2.19944296544959601798092
5.36587727175801533881862281330936093056 2.52709810798752319359459719460240453976 0.44014454492659247121148
-0.0053390355272680088496569112886246439 0.08440008247449122266429740386414285076 1.63397080196149286282458
0.81677383082109564214924896771664909072 -0.668856901696390496684372575135464321 5.59702515482449971079292
2.27364843662001233057534191764787184908 2.77281355641259945205577059888415463678 0.88399133113173436988174
-4.04868406310205940417965881823064007314 2.92538808654167203262336495404664580872 2.51589037840189090781454
-4.17157574049424822857012127342063146496 -1.2576191561628072629310095403098015856 3.43440064996532691803824
-0.7870557298526648659860591707915826174 -1.75077477716678453739896249585657025856 4.28991174723223687588676
-3.2806125573265782712884212308071024413 1.304325661953557145285730831873770927 2.76316903174083396618786
-2.21470409710612020770511880348864112638 5.07674753488929073550327440289228508226 1.98215263611290661587254
-1.22422330358809203648005031408289877928 -0.56226102561794542610365819446621478344 3.57213680552628042278278
-0.209358592607565460090907356060244925 -1.005950052083915178129172624086972135 4.50719780400291739587666
0.54481769609796835132321914030694258176 0.4507950278674026013485542581603452544 0.69124042183520634346738
-5.59903653456641416002450465057175438082 -2.68023487405178229326686379389953165736 3.58805205107751324232492
2.11506368264770513818779081926583676898 -1.45157822268346630905244544543868651228 5.68171005205837231449264
0.16311302339903425923802565901749303832 -0.2488543479394377641207430835806202617 5.29258999837432382526996
-0.034006225950939494890581432847871391606 -1.10284910554570617670373345366516992806 4.68156386176322566647158
-1.7440576730412960608129312337914842196 -3.7755468779956159356768393704111783652 4.27965425872270698635418
2.2074643529218952885112553151076697092 -0.02748755512604599456548786498146279994 6.27073385602449514262794
-0.056214728703411331156327075896831478302 -4.04355095427635881970844519932323242852 4.69848755855626080956672
-0.18010967540095868377572621746449783992 -0.001869924390808765464496348215627128328 3.15197442350469890174366
4.853276083833381612032410913272639884 -1.49704717452772732392244883203901394852 5.98398416975399685320676
-2.0409205497722309900048251165311656169 -1.43149977323572079933497488094504789446 3.7532569733325413893484
1.24123229674842505291046498159059428672 -0.60095553509361076471237686326222493072 5.8322894782101723955922
-0.60187818855664611712094001656449920372 1.35995042511040551715761801795666500336 1.98745734097219912494476
-3.46253348090664285673513238829408179304 -2.7524999197026794748792988032058796796 3.81323946469938437889326
2.32632569769751092950294233358992354176 3.23420524954176208561881535844046861248 0.94724220983166603647208
3.89322461306541843779764502989635786768 0.4609621703478386138821044932173013472 0.1178524501697060586848
3.9374655762039285806959892375107072536 -4.02843361993383474469598443833222016632 5.48636795714116342681188
4.9445663876011319158465512900467922988 -1.3051176105318476860945641471304936477 6.0251210636060446078908
1.728548625999856308869996118657041495 2.9978191787307787089955827377091799458 1.04775891191589211481186
2.52444560652419595877069277141115440322 3.1130630779243733241814712680181292805 0.88943212978478038878672
1.25892143579493529798857115245567916048 2.47561523395292437342011875053047970192 1.10034904727327910604014
-2.720186090318567753168611572235222845 -4.30754022578192268010509600372182804276 4.14913339900925315919274
0.08741477737985675578312231534514781324 0.50412883239366742654332935692222684836 1.3991057750020914407156
0.28166188244237544811172460946316438652 -0.47255792396870269634370359221821800634 5.24988921969931907163052
0.23774488074269052030832921915839997346 -0.48071642584117957149974316625101586942 5.17167807678299281077418
2.18641898710965037078411387305607357296 -2.93736785077102793857488688527825088056 5.35226191189143292787884
0.05441391665874613172930804950369653116 -0.21131153108907543158072080177105194828 4.96441922978033404848996
-0.848891732756358997384414254412133617 0.503413311215706970890264220305308758 2.60631823267023179670998
-2.39353403522806029685448422145017957584 1.17127661329074722697335778885616810564 2.68650103913595101165312
-3.57846864222182669094748462096665669808 -2.79482587499007084150069862875657086632 3.80464764861478779760928
-0.14505810559703083253371023271695634068 -0.00649707157617538245666669924188476854 3.1863521807625482167882
4.74046371047963581624217220582672729984 3.30061984286151375656274277983395469552 0.60821497667281294022612
0.27380793581217193351943383379060136326 1.29981996528782398882619235433621014602 1.363181034689761439802
-2.03978304569076713488168511570122871592 -0.57756146814849403305992032530968777914 3.41751854785902530380242
4.97225539648142650059216148760560481996 -2.19935890885567884922956721262578700192 5.86673119829444879882222
3.39211034054698383675362929687023289744 3.5706154172502880023056889372558140802 0.8110297895395566531284
0.82890092241550416710362984916968285452 0.26016993630460119200234567971273150602 0.30413557417472956286248
1.29942061485393054363540430469734270832 -1.16100583031689548263865160027722042718 5.55398433016067039795916
-0.15915609714252543306274856590180224184 -0.05503493359422667733820917190850527296 3.47451395009898204636702
2.523249038661129469781607956302098235 5.6920651481255473952426706002680705994 1.15353445160666829124606
-0.79734631513225001567177859008967526932 -0.033002087463004524455292455659059322428 3.1829589465374058813689
2.6085026151727794294359829325212374832 -0.7501005119693251543287538301571317472 6.00318024334522656537466
1.7001904567479289404305632524876313416 2.14502444783683761178608936669444570266 0.90057127485661371782682
1.2394821972667928321500698537731647728 -1.2926099320428733867194233585234340224 5.47680846768740811748804
-0.0499427262907430477519487469715523729 -0.45593168801685980404530460591754264736 4.60328404363149193274026
0.238725101786634674663430275268174889452 -2.66025339740960544361853303576563764528 4.8018869860594208819633
1.35164691228824418669014803181414442264 -4.34509255808990583189584044020418183968 5.01397452380250022788438
-1.8564102872550649867118916095041386372 1.63084106229276722420772632283735146736 2.4207884625835391248937
-4.92690414806718149096615228174276322896 -0.93125464723821215867974386372628884944 3.32840293684208887144308
2.90608158659875418040215939968699552016 -0.86332147768659374960769836849667428256 5.99441501134615182751708
-2.8753734429330619178072270680602619835 -0.5345128242500020673957624763481628895 3.3253880760361448906927
3.6555794019735435904954520468036008298 -1.1847989046881756522078190271006778112 5.96976130016525285515372
1.4091952672993788599531256224679205929 -4.92054580969745732316183152471375173286 4.99131327351436097403748
3.1360949147022962837029288309240958736 0.6073493527762821609111387007242619218 0.19129610057050366507192
0.033221740656099118858240465522120650898 -2.47556403723055359465474304469346529224 4.72580804207708601361606
5.16581657910423512434497951299271189984 0.0509808224374257173642379894151941236864 0.00986855933901547315918
0.131161214681272115154148815163396986272 4.48661840740032726061638543629755256256 1.54157078148893444547546
-3.523847113590680234191522875042449736 1.47663425747178257832626524034317248438 2.74478066162084218980026
-5.426433959098782577805628159165879284 -2.21822085171111623928550402332721054656 3.52964550824941703654058
-0.41223154849085662996918181035216128544 0.19264207349940366707891180866144123532 2.70443306150708233470954
-1.0588645768444314622645584259403104568 0.7247522190552884213692723043834238704 2.54137139659218621626652
0.046671327240201824094585799098665366288 0.54247665245987924805467131017710812088 1.48497385886115903225498
-3.58781544719756687072759061757792753872 0.167679084962681234204013587714978827728 3.09489093100673550138334
1.10955914997739843367305519800078001524 -0.70249469077138644614567023643937939348 5.71876136749627961517604
-0.218597119373623418453983744156292900016 -2.95102419661415834981754542092661235756 4.63844902117647777811474
1.40997500510269452181838650333241993114 3.90948458501819270913891279720677258234 1.22466105176173728170396
-4.42326728281209728300692528030964280284 -2.8055748730688583068959503669033618922 3.70683497815935952590046
-0.50190526961197336297672729474945139574 2.94010456854816424458659544209119537188 1.73987646641998072848484
0.25435248417154352738909767354367875042 1.03631143329493670873102528175565634694 1.33011382422328364280534
-2.58501405242513223278504914809319994898 3.8326484247213981383036679027945166848 2.1641831746383248326537
-3.53917225264124923725663883213183923994 -1.52260815940949006259851696146027356012 3.54787290316183887193486
-2.61323095749974463804801967830014083992 -3.89882183219649742366313199193722656224 4.12190163406496533089772
-1.16545368493590497338724826148092475188 1.1482568472484977562590086854440615383 2.36362693292406055407526
-1.42333165585810157499088530234776264078 1.88533156892334177180557927947924134362 2.21745811436234132696012
1.303573733463883508901195416403641772 -6.00558863389510006418834010116981042864 4.92613339409327210274928
-3.81924399744800522190107986187977302418 3.3812078321345091015046394375686018203 2.4169541487498327825372
0.0817577269925233926000912234506549648 0.01934184984622880439074509771913815984 0.23230418912375423824296
4.95669435342355267617167221704520791752 -1.84262208698684322327490802070251688776 5.92727213917139390997076
-2.28183034119016196453967526960507854254 5.20676406580777289670498647785781480898 1.9838306235810419961097
1.53990558406810595021838963316787445896 0.61722759463805312713108604902686687632 0.38121454993055513411748
1.5997434113030137173269947903746973046 5.66397093582314939946228040166595744502 1.29552457494799466289604
-0.02389934912831265429551283610919250853 1.41169649230587281181554603333894705348 1.58772423332208745341776
-2.82586161811414706128662115515935956056 -2.25549837570578174991561087075853464252 3.81521251054954491248898
0.025284816222489722644024660704253604778 0.4311691195283487014924913091010898432 1.51222095477759637873984
5.14463091892932323185582022711820109646 2.06083391472915437591467170831440189702 0.38100588534650370006642
0.55811784662883336766817101058480548592 1.88679834169226046511272953367475726112 1.2831957715700999510427
0.10995336971095259511671385219871555552 -0.23397983624504037681319797197073618912 5.1516898191882338964034
-1.3991715247147359646666124672339119004 0.36562490429362095638865612876684397376 2.8859929894529928004993
0.19579842391871683816372170436859400714 0.10728631886718845549278851287319825186 0.50126234504658974015068
1.484965497978275663123560038330375024 -0.7406931381121866084568385488689497274 5.82050228540575656405206
-0.91725898107853720597714008136322055 -2.7618225069507749261599326709794833475 4.39173001115284520546644
3.50781034058791040196402922056905097264 1.34514085203047418978353519344658623684 0.3661758715615269386182
1.69838753435311511749159959294001069872 -3.85582317358242583288284332533257741168 5.12729239913601477935298
3.40641727356267398648861459966250772926 -0.55650492167782998611091495908652065364 6.12124632181537672998346
0.18470932462575752932129769256164912514 -0.91189499145190887297532026195534221766 4.91224051739686117655296
5.4173097729127975628275202065837078194 2.001154025113884808756129169621409417 0.3538520319000248986378
-3.88748696808201531053798468956537456836 0.03662830522062421478449794512000167631 3.13217082872611799540542
-1.0547084621418731455090065357511484286 1.63788735515475058543608786566136813146 2.14290277998514443642202
0.8512207992253424502255117510561352422 -1.4011752741462010087230336174599737602 5.25830849951538050148294
-1.90800446199275175206143027548640044294 0.91278839889850378925406749941833895852 2.69537427909045616659404
4.5580433604936268287849592921686832984 2.35724319767805471446204164576572666048 0.47728212849876734761066
-0.53340867257269980405879748609966178832 -0.4207731996533667665281932558443924208 3.8094905393540026071105
-4.34345841255232786666049430699615194748 -3.29097771867946881041952123287050268364 3.78999469499176735689454
-0.07265958113024881921300890607764498478 -0.2359772590579480030795417211950848208 4.41369188008444229959568
1.2760341541888626417746123068270432303 -0.4148422086048169077716795578259076805 5.9688604798877625179089
-1.80787532160514683482203683135687940064 -0.92582943300112398014793105024171517696 3.61488056118878628479046
5.0286560406399953603758632904333711232 -0.97258739784677726555894097416962060284 6.09213519331385841571998
-0.15843792523636084788246147599468053152 -0.10698827349345647989177966934814179476 3.73552733236015432075704
-0.6236493271152143063392905332106152256 0.2713063327120252258784369428687441536 2.73125704772493420787316
0.12434139073337460332338325360916474832 -0.19699169784024452785973966209461929088 5.27543514319383754520588
4.68134210582846976996010371830024072144 2.78696496094991903060108429764420162326 0.53698200219049339937724
-0.32971592288018556170807997139377474048 1.75441153869225062132405592980893526112 1.75656479509140892428842
-0.01454535663624474213997010067333291372 0.0733873979704284526584554466467414622 1.76646018363168605427982
-1.5651466606595102681689540594784105472 4.95479338518036666131568695463812601216 1.87676238134516669165186
-1.41251189005261112092560458806334234688 1.10737863639743847820689711017585170112 2.47669769057944373242648
0.70257569833153106893814025831536488654 2.17902424276044373343153590134104543516 1.25889360460713767651604
-0.15888244751916087995306589569100756992 -3.10690906423669404951496048396531587712 4.6612950599445011835859
-0.93175545519862825121789232269676067856 2.04728898253146333639901736223402849184 1.99789716751934336606306
-3.1532792382528987358985750826970958422 1.68380543710331852265285753590603159092 2.65112771116617909120688
-1.12064717346393866286989823714904501518 0.21348569679564737304974589699724165922 2.95334609700812894699318
-2.18812867221740408311311009039482127266 -4.06349263216764414923714733572638724692 4.21842964445248766445298
3.19513994406550970388781782619319910288 -0.161278232830885267527621233386687786872 6.23275200084259454525794
0.1867116197633505616834370256816399077 -0.66114703626443451620315533346793126536 4.98762699152649178272714
-2.29725536277658536544855512235307144948 2.00052313539121666236785953636289203704 2.4251282586752080649439
0.85057780103805572666975852934003510584 -2.37196227185061709997946264123228921936 5.05670169185579513578502
-3.50716311824167153223268583343379320832 3.10607473508537218741415055825489190158 2.41676961159736091809638
0.95144614616991083335048837488243102082 0.80607912476169378333357487789885226604 0.702874807572951567476
-0.2508822064677010638547361582014693397 -1.6272900307060710415055915748470555196 4.55942156682504274544528
-4.162493410200835257668787857030220861 -2.01896519695471899603235198753143916452 3.59319873382633018480924
0.75617236352184801966765899502591876312 -1.08222545164516257606651684011374383376 5.32225524098808230722278
-0.60228219573199093475056259707167747232 5.46645032700977328096125834784867287232 1.68053165552996339512312
0.83234051890789743144911395416642009384 -0.81796186900594242385394893444861517592 5.50649965985648525113104
3.303364077179691754464638802341475403 4.9890094983835148494293126601288864112 0.98594229592603033231774
1.45812745726287544725443610367618833972 1.14040255507135504422524212660065154692 0.66373106576404732106288
0.42901657549415541267521373058027365192 -0.64638833328547574760254387620367632192 5.29834420231049196192462
-1.71672023850452015884745546241769420384 -3.937826907306507063436168357427737801 4.30127501352397730075948
1.4379915766077784330079920702632943726 -0.9807178360103430132350903154665791798 5.6846387075619017913231
0.250777793706773782500159213832325280552 -4.5478457081149463390246604689632495968 4.76747529960091279715436
-0.3924365277013966303347145991506154738 1.52614177912394437624551578664457730824 1.82248634170615727390806
-5.00417666833394118882960665360600379504 1.40543205488071291721847254047813500798 2.86779424586557170401718
-3.0746633603840295913292284206037882053 -3.8800713023572045484092043976790822443 4.04228437710874535049044
0.97381450569630291059592192996042915272 1.02287015628067688411858748473386700904 0.80996177370104226710012
-0.65432296284149769193475417528846770122 -1.1879585431588101057183973992790495701 4.20893474614369016127322
-3.61246291580746501720201543295804440228 2.72760952996565459297069595079251887396 2.49486395009882671044898
-0.36039581944039920926190547446406093552 -0.24897477470568913002707836589891349672 3.74614245977736887232474
0.2000174224933121801614932562660922488 2.0232519126909222107777432024615426115 1.472257131622399052762
-1.35841208332028468341533608186787907328 1.89382392604557852997387264001431383936 2.19302921555173324018384
-2.0308348449604045710298303681210016148 5.6733464071302230245394673868813497513 1.91454537371209505512496
2.85075117543810274692783913782477106452 0.123904162997034192132877345783728936708 0.04343635117891626777246
-1.5221566257333849267712964652058462716 -0.7927642611571828265514518519100203706 3.62175442874669382367032
5.9717953229285487045464280886670465176 -0.63931754756749271232618194421364246692 6.17653533658960964058218
-0.5864684188621367137336903878596529476 5.49048013770906052948127662014068026712 1.677208353157289968496
0.13975885786303374081583981823606641 1.137768467316613770966567210333156535 1.448572664606985603335
0.81787732622219571066566029203005668608 -1.32775407411726232256893882075040443776 5.26447971846038614726042
-1.69166476966223706994907909197996351176 1.00793770966929469256251176323158611192 2.60424798594336919491884
4.2873887730747927733672028912152425 4.046191321781264186178062753001534 0.75646340390750246671554
0.356098993404543021877363950696441291092 5.26391294142340577346006900750417491392 1.50325013695527072482834
-2.1659524856756636067838237413779104576 1.5525481874640958652261924424392692448 2.51968228073477378796554
1.79241841512495120053473369642779082992 -5.6314954898916008544760191845690163456 5.02053511174099179260628
-2.82425696618611479360583642529334432856 -5.49147671605158476082277140075628637704 4.23736829594168222898246
-1.37243246114437943509058126948677226088 -1.18847365825718602395388816715349680724 3.8552805089171352760027
2.94431158539761588445272737608401578272 -4.06839881952418234602111964052891023584 5.33884636878280843483094
2.77462430100923290266387197407150984478 -1.21565528951935357310751462235033979994 5.87024343604930911560036
0.6994178948396417072856257809347889927 -0.59227286139616480658923436573456469976 5.58054712436530281573276
0.56282871512930777159488695577404709776 -0.46727670340029172110829594690099106952 5.590281914689128435506
4.1372383769449693477164941306341422224 2.7828337159194421168392375757489939112 0.59212022051735399991196
0.9074674514503347014122191524949001971 -0.4261470248711372659315975032046400986 5.8441518179108620949809
-3.473215847441641347811026918740270277 5.1570483473676121575761897105380082324 2.16350729239483152458768
-3.4020976425879418020832246395306274176 0.261036347854300505942833977639091961728 3.06501463619850885713678
4.2690825283145433944796240094757356778 -2.2410195775458865375729246937014473266 5.79978398451015645358394
4.85061367637657337382255907471006654612 1.43750338088981516060627277219959932374 0.28810936757097195183158
1.6409580303221382392666067186187948183 0.14930203218990670206256142673779832452 0.0907348507024496834674
-2.8817975445266415925028298060017281057 1.78993161444459455391719102138786804488 2.58579094060796994565626
-1.09653401657732360971723604961179055738 -0.94992195693648185318425177561058315862 3.85547107792750203284608
-3.73268386257983929579071967115309195968 -2.63338268006103833019845728395593094992 3.75599575097608789908994
-0.0148984158324281264482139738462506507744 5.63593601644847758414178069398795431376 1.57343978851733309542192
2.04690752754608401702751895181846835112 5.63638462693142172248714705308880076888 1.22244641743651569302654
-0.57558979433630442592749841421860075552 -2.5758731632288772603545917087549967427 4.4925462955125176064667
-5.01987598712818900242520285528715521112 -3.64562068634591955913831841612665617314 3.76971131618313021736934
0.6190112935935590497925953291820028377 -0.12633238876350715443015733291849404686 6.08186268799144436697686
3.865282437047268237863113648863500112 -1.7955386169265683060628958169443012448 5.84831436534501549891004
2.79047601503471953530277427824033557872 1.36199240451452196217860060825963795088 0.45407109949624987998876
1.4448162569384039644890044866987994505 0.42323678310625999664370402483476667408 0.28496230854616491259176
0.16092756472628756515566125963710555316 0.72559359770507439020609781269861639672 1.3525417170091142468282
-0.5813325895659633207443675522492667336 1.11338528704835265686651663106265797696 2.05199130894370993479216
-2.165088363062449469089878343597998012 -2.6762928871684181931544034320634704665 4.03219163371796970970278
-0.02278894541391595622279201905257775889 -0.701860593449427123743675566475175454 4.67993105039744890745776
-0.1564426730847824093129905203883283345 0.05101657120754304915764936004419280084 2.82636260779076415495388
0.86949592360548334845676115146812646802 1.15222894153713307218083133944984891492 0.92434446044856454300814
-0.310348795940569115778922099949959262 0.50768595629242857585729960366433898056 2.11948377754895932450352
0.477676385495219380383333134272547132 6.069492956695244299576312322649342056 1.49225701310997624936688
-1.54798420192342104243014893347280483152 -0.0075139928702363334714967074188229559584 3.14644666556700151736844
-0.021382807531872459382632967055447844044 -2.7332241758964580652098635217664996279 4.70456584919057326926726
4.39890747972267389816156059482712710416 -0.8210642295192538556412391416212289016 6.09865682550344546700868
1.16723236718147896823746898341902254712 5.64606801034543784443567176200456969502 1.36693454676041745268254
0.028723910941957270852979786936992358072 -2.10429650386839589616420399397288319786 4.7260382579867410736471
-0.477131413296550099884574408705775137944 -6.05132948462928848189100459384196463832 4.63370439945546725733856
-2.63095444008485603033808434542129130216 -2.83641046008669008927717062491277179352 3.96455176158541388690386
-0.4317354006726565142964153230895537072 -0.05870912161375336007391895247046161836 3.27674767662655713081574
-1.43776969190495352364195740924981225972 1.06183017100725265442047515453535998564 2.50547549610041616965266
0.899438823441655915443015016565446635 1.8928503185639931174502993598231315355 1.12720363260357694378758
0.95721174620937586883205695644801640832 0.06887822191446778632864709830795858816 0.07183333283842055029118
0.231409318424529635683789771077654696832 2.88419197491898501894962313324887254852 1.49073415748707513310806
1.37935978722564693942781517640913023458 0.54881185243451152682445324856267344386 0.37867256165082948900946
-0.4940940015630104924086134248634137162 3.6039035062672804351513778600658840939 1.7070465718625551044514
3.00257277759879030975671576099266005394 -3.72430973866954316837645414540733294342 5.39090456967208960230846
3.96268751412297308245431566171015402112 1.7217882614883582824070279716571355008 0.40988975103546132870428
0.21417627925727822466369570451364070656 0.23328957698269984816030625139197812416 0.8280867526929570752426
0.41557590139533306127632324726024887516 1.8228071337217414586863520289937327447 1.3466408635278765386363
0.7518143975660483872704714993038289254 0.80365687274640697135541367615980301788 0.81871494198432722015258
-4.02454623629464182141535628799271715304 2.74098628069180188770488510759557673656 2.5436866247141757501158
-4.75639307012224462519893832413805733718 -1.85996679548714966717948360380530246366 3.51435600512292623196818
1.1898791580360007163431994368178911412 -1.47578220749359981631390537246075885144 5.39094151480169581827414
0.5818497985141855232482648062248792949 -2.6910930473933063672763654467761654446 4.92532443398497273105178
-3.22437556663257249980293956079461729322 4.9513763069804933846688312106947315008 2.14802024592228299383144
-3.50782224956138516286517198855262313076 1.00481185014731515220083486704235850534 2.86261394807536135074776
2.407891851006432770081701632719053368 3.9453583262381222764338481780495669696 1.02283037420965710735686
-0.320643222078647115209897365329325299546 5.94802528111555160271103951551976042572 1.6246517071775902444611
0.010025057783780875871054119543652456 0.0229490822274192864473807342756901795 1.15894069274052482242804
2.17152011165675732890140348003328238846 -1.59244189598237828130273355543003956276 5.65043832462527415599134
-1.1495406510083377177848593549905959744 -6.002642110246449351573650277195252847 4.52317412211533600099472
-4.15652366216809450308727814608624417436 2.52387390898215698895208273630506695972 2.59589009284775890962164
1.05776221688518038211224914705745806016 3.485331747845138593758394129381950816 1.27614107393905178367776
-0.3565538891193116034531436924045935763 1.31738327403490667208572470855147276178 1.83511680081064967768526
0.6507076205090691273055280438523271984 0.10572335817674866493016128438249514736 0.16106700490727888707146
0.521820661928655350626676719083571880556 -5.2143842053896865471285110457874223783 4.81213021173830347383566
0.7399110475501449883853756022324277323 4.88716657354010192319120163120869724266 1.4205386625626770854995
-5.61889915725620550786839417711016750304 -1.73923508290519568600027282952153320312 3.44177227146326922372102
3.786936857821137534184366858275651252 1.367670037699773915537027976212285828 0.34657742278322544576286
2.14547321113554779102439879183536791584 -3.64160697974292227421163185193054148268 5.24479650951229080178994
-6.18681851391620118689189368783436022318 0.447902304976428923707171546187711420982 3.0693225137088173248901
0.1763573135941461083160019100479829625 -0.019645442240567029075213825747334921 6.17224699978560650134132
1.48922361061613306790156659514081919746 -0.115752941624019953457674955765001033676 6.20561423235050212356948
0.252017958727436897593740241314804193748 4.51203007325237453790295879195725413992 1.51499963064784347885248
-4.62387446972229263716497633237332250516 3.21852063160759596323992931280689201814 2.53351201141884755932256
-5.21807503646192859962412481390356849298 3.00949275746691031112580476189737610384 2.61844880155168499262502
2.94424210194147943243635140766553306836 -5.0538990200749633723914547204669155918 5.2398925462118902067128
5.18298254913901657045060839995468749296 -2.95853560269443350880015990640870727064 5.7645001919310118422382
0.58513434850910808319048022718036362428 -0.9161721655359197959054787574419254734 5.28076014274167224434088
0.7097905811840722428992407317136335135 0.5808410853615622211158310489320582185 0.68581671344619585303632
2.49002981841879539465878786368723504726 5.55001755549200202055323823644796600344 1.14906346260578544144018
